5789, 2.119, BPM: 56
5790, 2.1466, BPM: 56
5791, 2.1549, BPM: 56
5792, 2.1868, BPM: 56
5793, 2.253, BPM: 56
5794, 2.305, BPM: 56
5795, 2.3191, BPM: 56
5796, 2.2933, BPM: 56
5797, 2.2062, BPM: 56
5798, 2.0867, BPM: 56
5799, 2.0062, BPM: 56
5800, 1.9866, BPM: 56
5801, 2.0233, BPM: 56
5802, 2.1141, BPM: 56
5803, 2.2213, BPM: 56
5804, 2.299, BPM: 56
5805, 2.3351, BPM: 56
5806, 2.3427, BPM: 56
5807, 2.3424, BPM: 56
5808, 2.3383, BPM: 56
5809, 2.3183, BPM: 56
5810, 2.2768, BPM: 56
5811, 2.205, BPM: 56
5812, 2.1009, BPM: 56
5813, 2.0051, BPM: 56
5814, 1.9637, BPM: 56
5815, 1.984, BPM: 56
5816, 2.0593, BPM: 56
5817, 2.171, BPM: 56
5818, 2.2734, BPM: 56
5819, 2.3271, BPM: 56
5820, 2.3205, BPM: 56
5821, 2.2699, BPM: 56
5822, 2.2256, BPM: 56
5823, 2.2114, BPM: 56
5824, 2.1816, BPM: 56
5825, 2.1245, BPM: 56
5826, 2.0862, BPM: 56
5827, 2.0518, BPM: 56
5828, 2.0094, BPM: 56
5829, 2.0367, BPM: 56
5830, 2.1468, BPM: 56
5831, 2.2537, BPM: 56
5832, 2.3202, BPM: 56
5833, 2.3401, BPM: 56
5834, 2.2907, BPM: 56
5835, 2.1953, BPM: 56
5836, 2.1049, BPM: 56
5837, 2.0514, BPM: 56
5838, 2.0467, BPM: 56
5839, 2.0558, BPM: 56
5840, 2.044, BPM: 56
5841, 2.0515, BPM: 56
5842, 2.0985, BPM: 56
5843, 2.1445, BPM: 56
5844, 2.2132, BPM: 56
5845, 2.3314, BPM: 56
5846, 2.4063, BPM: 56
5847, 2.3788, BPM: 56
5848, 2.3037, BPM: 56
5849, 2.2135, BPM: 56
5850, 2.1285, BPM: 56
5851, 2.105, BPM: 56
5852, 2.1554, BPM: 56
5853, 2.2514, BPM: 56
5854, 2.3665, BPM: 56
5855, 2.4526, BPM: 56
5856, 2.4653, BPM: 56
5857, 2.4168, BPM: 56
5858, 2.3708, BPM: 56
5859, 2.3662, BPM: 56
5860, 2.3613, BPM: 56
5861, 2.3349, BPM: 56
5862, 2.3351, BPM: 56
5863, 2.3449, BPM: 56
5864, 2.332, BPM: 56
5865, 2.3755, BPM: 56
5866, 2.507, BPM: 56
5867, 2.6389, BPM: 56
5868, 2.7306, BPM: 56
5869, 2.7782, BPM: 56
5870, 2.7501, BPM: 56
5871, 2.6665, BPM: 56
5872, 2.5839, BPM: 56
5873, 2.5281, BPM: 56
5874, 2.5143, BPM: 56
5875, 2.5414, BPM: 56
5876, 2.5674, BPM: 56
5877, 2.5329, BPM: 56
5878, 2.4011, BPM: 56
5879, 2.1897, BPM: 56
5880, 1.9567, BPM: 56
5881, 1.7591, BPM: 56
5882, 1.6439, BPM: 56
5883, 1.6276, BPM: 56
5884, 1.6791, BPM: 56
5885, 1.7769, BPM: 56
5886, 1.9147, BPM: 56
5887, 2.0535, BPM: 56
5888, 2.1696, BPM: 56
5889, 2.2668, BPM: 56
5890, 2.3079, BPM: 56
5891, 2.2674, BPM: 56
5892, 2.1972, BPM: 56
5893, 2.1524, BPM: 56
5894, 2.1556, BPM: 56
5895, 2.22, BPM: 56
5896, 2.3219, BPM: 56
5897, 2.4096, BPM: 56
5898, 2.4462, BPM: 56
5899, 2.4091, BPM: 56
5900, 2.3098, BPM: 56
5901, 2.2073, BPM: 56
5902, 2.1499, BPM: 56
5903, 2.1484, BPM: 56
5904, 2.2028, BPM: 56
5905, 2.288, BPM: 56
5906, 2.3482, BPM: 56
5907, 2.346, BPM: 56
5908, 2.2845, BPM: 56
5909, 2.1908, BPM: 56
5910, 2.1127, BPM: 56
5911, 2.0902, BPM: 56
5912, 2.1092, BPM: 56
5913, 2.1401, BPM: 56
5914, 2.201, BPM: 56
5915, 2.2965, BPM: 56
5916, 2.3802, BPM: 56
5917, 2.4465, BPM: 56
5918, 2.5133, BPM: 56
5919, 2.5259, BPM: 56
5920, 2.4469, BPM: 56
5921, 2.3409, BPM: 56
5922, 2.2758, BPM: 56
5923, 2.2706, BPM: 56
5924, 2.3296, BPM: 56
5925, 2.4279, BPM: 56
5926, 2.5115, BPM: 56
5927, 2.5365, BPM: 56
5928, 2.4888, BPM: 56
5929, 2.3953, BPM: 56
5930, 2.3135, BPM: 56
5931, 2.2882, BPM: 56
5932, 2.3292, BPM: 56
5933, 2.4213, BPM: 56
5934, 2.5261, BPM: 56
5935, 2.5897, BPM: 56
5936, 2.5747, BPM: 56
5937, 2.4919, BPM: 56
5938, 2.3969, BPM: 56
5939, 2.3467, BPM: 56
5940, 2.3647, BPM: 56
5941, 2.4459, BPM: 56
5942, 2.5581, BPM: 56
5943, 2.6413, BPM: 56
5944, 2.6459, BPM: 56
5945, 2.5733, BPM: 56
5946, 2.4666, BPM: 56
5947, 2.3794, BPM: 56
5948, 2.3469, BPM: 56
5949, 2.375, BPM: 56
5950, 2.4436, BPM: 56
5951, 2.5056, BPM: 56
5952, 2.5084, BPM: 56
5953, 2.4406, BPM: 56
5954, 2.3414, BPM: 56
5955, 2.2672, BPM: 56
5956, 2.2595, BPM: 56
5957, 2.3277, BPM: 56
5958, 2.443, BPM: 56
5959, 2.5479, BPM: 56
5960, 2.5807, BPM: 56
5961, 2.5193, BPM: 56
5962, 2.4058, BPM: 56
5963, 2.3113, BPM: 56
5964, 2.2828, BPM: 56
5965, 2.3324, BPM: 56
5966, 2.439, BPM: 56
5967, 2.5434, BPM: 56
5968, 2.5817, BPM: 56
5969, 2.5389, BPM: 56
5970, 2.4542, BPM: 56
5971, 2.3851, BPM: 56
5972, 2.3721, BPM: 56
5973, 2.4206, BPM: 56
5974, 2.5036, BPM: 56
5975, 2.5722, BPM: 56
5976, 2.577, BPM: 56
5977, 2.5101, BPM: 56
5978, 2.4206, BPM: 56
5979, 2.3664, BPM: 56
5980, 2.3734, BPM: 56
5981, 2.4422, BPM: 56
5982, 2.5443, BPM: 56
5983, 2.618, BPM: 56
5984, 2.6118, BPM: 56
5985, 2.5298, BPM: 56
5986, 2.426, BPM: 56
5987, 2.3608, BPM: 56
5988, 2.362, BPM: 56
5989, 2.4204, BPM: 56
5990, 2.5014, BPM: 56
5991, 2.5467, BPM: 56
5992, 2.5096, BPM: 56
5993, 2.4063, BPM: 56
5994, 2.3028, BPM: 56
5995, 2.2522, BPM: 56
5996, 2.2673, BPM: 56
5997, 2.3321, BPM: 56
5998, 2.4024, BPM: 56
5999, 2.416, BPM: 56
6000, 2.3449, BPM: 56
6001, 2.2278, BPM: 56
6002, 2.1322, BPM: 56
6003, 2.1033, BPM: 56
6004, 2.151, BPM: 56
6005, 2.2485, BPM: 56
6006, 2.3365, BPM: 56
6007, 2.3556, BPM: 56
6008, 2.2956, BPM: 56
6009, 2.2049, BPM: 56
6010, 2.1449, BPM: 56
6011, 2.1434, BPM: 56
6012, 2.1941, BPM: 56
6013, 2.2627, BPM: 56
6014, 2.2893, BPM: 56
6015, 2.2329, BPM: 56
6016, 2.1208, BPM: 56
6017, 2.0246, BPM: 56
6018, 1.996, BPM: 56
6019, 2.0443, BPM: 56
6020, 2.1428, BPM: 56
6021, 2.2326, BPM: 56
6022, 2.251, BPM: 56
6023, 2.1873, BPM: 56
6024, 2.0973, BPM: 56
6025, 2.0494, BPM: 56
6026, 2.0751, BPM: 56
6027, 2.1616, BPM: 56
6028, 2.2626, BPM: 56
6029, 2.3149, BPM: 56
6030, 2.2802, BPM: 56
6031, 2.1889, BPM: 56
6032, 2.1159, BPM: 56
6033, 2.1082, BPM: 56
6034, 2.1624, BPM: 56
6035, 2.247, BPM: 56
6036, 2.3055, BPM: 56
6037, 2.2831, BPM: 56
6038, 2.1886, BPM: 56
6039, 2.0916, BPM: 56
6040, 2.0495, BPM: 56
6041, 2.0727, BPM: 56
6042, 2.1386, BPM: 56
6043, 2.1966, BPM: 56
6044, 2.1878, BPM: 56
6045, 2.1036, BPM: 56
6046, 2.0038, BPM: 56
6047, 1.9524, BPM: 56
6048, 1.9671, BPM: 56
6049, 2.0337, BPM: 56
6050, 2.1128, BPM: 56
6051, 2.1433, BPM: 56
6052, 2.0994, BPM: 56
6053, 2.0276, BPM: 56
6054, 1.9912, BPM: 56
6055, 2.0132, BPM: 56
6056, 2.0807, BPM: 56
6057, 2.1531, BPM: 56
6058, 2.1711, BPM: 56
6059, 2.1111, BPM: 56
6060, 2.0242, BPM: 56
6061, 1.9835, BPM: 56
6062, 2.0163, BPM: 56
6063, 2.1018, BPM: 56
6064, 2.195, BPM: 56
6065, 2.2375, BPM: 56
6066, 2.1951, BPM: 56
6067, 2.1062, BPM: 56
6068, 2.0487, BPM: 56
6069, 2.0546, BPM: 56
6070, 2.0993, BPM: 56
6071, 2.1449, BPM: 56
6072, 2.1468, BPM: 56
6073, 2.0806, BPM: 56
6074, 1.992, BPM: 56
6075, 1.9538, BPM: 56
6076, 1.9848, BPM: 56
6077, 2.0574, BPM: 56
6078, 2.1297, BPM: 56
6079, 2.1472, BPM: 56
6080, 2.0873, BPM: 56
6081, 1.9999, BPM: 56
6082, 1.9558, BPM: 56
6083, 1.9815, BPM: 56
6084, 2.0547, BPM: 56
6085, 2.1234, BPM: 56
6086, 2.1343, BPM: 56
6087, 2.079, BPM: 56
6088, 2.0105, BPM: 56
6089, 1.9938, BPM: 56
6090, 2.0473, BPM: 56
6091, 2.1376, BPM: 56
6092, 2.2079, BPM: 56
6093, 2.2042, BPM: 56
6094, 2.12, BPM: 56
6095, 2.0213, BPM: 56
6096, 1.9822, BPM: 56
6097, 2.0152, BPM: 56
6098, 2.0863, BPM: 56
6099, 2.146, BPM: 56
6100, 2.1451, BPM: 56
6101, 2.0845, BPM: 56
6102, 2.0307, BPM: 56
6103, 2.0365, BPM: 56
6104, 2.092, BPM: 56
6105, 2.1614, BPM: 56
6106, 2.199, BPM: 56
6107, 2.1647, BPM: 56
6108, 2.0842, BPM: 56
6109, 2.0343, BPM: 56
6110, 2.0474, BPM: 56
6111, 2.0994, BPM: 56
6112, 2.1539, BPM: 56
6113, 2.1616, BPM: 56
6114, 2.0951, BPM: 56
6115, 2.0037, BPM: 56
6116, 1.9591, BPM: 56
6117, 1.9766, BPM: 56
6118, 2.0302, BPM: 56
6119, 2.077, BPM: 56
6120, 2.0649, BPM: 56
6121, 1.9941, BPM: 56
6122, 1.9324, BPM: 56
6123, 1.9289, BPM: 56
6124, 1.9736, BPM: 56
6125, 2.0337, BPM: 56
6126, 2.0602, BPM: 56
6127, 2.0114, BPM: 56
6128, 1.9223, BPM: 56
6129, 1.873, BPM: 56
6130, 1.8906, BPM: 56
6131, 1.9518, BPM: 56
6132, 2.0167, BPM: 56
6133, 2.0259, BPM: 56
6134, 1.9614, BPM: 56
6135, 1.891, BPM: 56
6136, 1.8776, BPM: 56
6137, 1.9176, BPM: 56
6138, 1.9825, BPM: 56
6139, 2.0296, BPM: 56
6140, 2.014, BPM: 56
6141, 1.9533, BPM: 56
6142, 1.9135, BPM: 56
6143, 1.9219, BPM: 56
6144, 1.9572, BPM: 56
6145, 1.9818, BPM: 56
6146, 1.9579, BPM: 56
6147, 1.8943, BPM: 56
6148, 1.8565, BPM: 56
6149, 1.8864, BPM: 56
6150, 1.9634, BPM: 56
6151, 2.0403, BPM: 56
6152, 2.0622, BPM: 56
6153, 2.0027, BPM: 56
6154, 1.9135, BPM: 56
6155, 1.8712, BPM: 56
6156, 1.8906, BPM: 56
6157, 1.9406, BPM: 56
6158, 1.9774, BPM: 56
6159, 1.9588, BPM: 56
6160, 1.9037, BPM: 56
6161, 1.8865, BPM: 56
6162, 1.9359, BPM: 56
6163, 2.017, BPM: 56
6164, 2.0812, BPM: 56
6165, 2.0769, BPM: 56
6166, 2.119, BPM: 56
6167, 2.1466, BPM: 56
6168, 2.1549, BPM: 56
6169, 2.1868, BPM: 56
6170, 2.253, BPM: 56
6171, 2.305, BPM: 56
6172, 2.3191, BPM: 56
6173, 2.2933, BPM: 56
6174, 2.2062, BPM: 56
6175, 2.0867, BPM: 56
6176, 2.0062, BPM: 56
6177, 1.9866, BPM: 56
6178, 2.0233, BPM: 56
6179, 2.1141, BPM: 56
6180, 2.2213, BPM: 56
6181, 2.299, BPM: 56
6182, 2.3351, BPM: 56
6183, 2.3427, BPM: 56
6184, 2.3424, BPM: 56
6185, 2.3383, BPM: 56
6186, 2.3183, BPM: 56
6187, 2.2768, BPM: 56
6188, 2.205, BPM: 56
6189, 2.1009, BPM: 56
6190, 2.0051, BPM: 56
6191, 1.9637, BPM: 56
6192, 1.984, BPM: 56
6193, 2.0593, BPM: 56
6194, 2.171, BPM: 56
6195, 2.2734, BPM: 56
6196, 2.3271, BPM: 56
6197, 2.3205, BPM: 56
6198, 2.2699, BPM: 56
6199, 2.2256, BPM: 56
6200, 2.2114, BPM: 56
6201, 2.1816, BPM: 56
6202, 2.1245, BPM: 56
6203, 2.0862, BPM: 56
6204, 2.0518, BPM: 56
6205, 2.0094, BPM: 56
6206, 2.0367, BPM: 56
6207, 2.1468, BPM: 56
6208, 2.2537, BPM: 56
6209, 2.3202, BPM: 56
6210, 2.3401, BPM: 56
6211, 2.2907, BPM: 56
6212, 2.1953, BPM: 56
6213, 2.1049, BPM: 56
6214, 2.0514, BPM: 56
6215, 2.0467, BPM: 56
6216, 2.0558, BPM: 56
6217, 2.044, BPM: 56
6218, 2.0515, BPM: 56
6219, 2.0985, BPM: 56
6220, 2.1445, BPM: 56
6221, 2.2132, BPM: 56
6222, 2.3314, BPM: 56
6223, 2.4063, BPM: 56
6224, 2.3788, BPM: 56
6225, 2.3037, BPM: 56
6226, 2.2135, BPM: 56
6227, 2.1285, BPM: 56
6228, 2.105, BPM: 56
6229, 2.1554, BPM: 56
6230, 2.2514, BPM: 56
6231, 2.3665, BPM: 56
6232, 2.4526, BPM: 56
6233, 2.4653, BPM: 56
6234, 2.4168, BPM: 56
6235, 2.3708, BPM: 56
6236, 2.3662, BPM: 56
6237, 2.3613, BPM: 56
6238, 2.3349, BPM: 56
6239, 2.3351, BPM: 56
6240, 2.3449, BPM: 56
6241, 2.332, BPM: 56
6242, 2.3755, BPM: 56
6243, 2.507, BPM: 56
6244, 2.6389, BPM: 56
6245, 2.7306, BPM: 56
6246, 2.7782, BPM: 56
6247, 2.7501, BPM: 56
6248, 2.6665, BPM: 56
6249, 2.5839, BPM: 56
6250, 2.5281, BPM: 56
6251, 2.5143, BPM: 56
6252, 2.5414, BPM: 56
6253, 2.5674, BPM: 56
6254, 2.5329, BPM: 56
6255, 2.4011, BPM: 56
6256, 2.1897, BPM: 56
6257, 1.9567, BPM: 56
6258, 1.7591, BPM: 56
6259, 1.6439, BPM: 56
6260, 1.6276, BPM: 56
6261, 1.6791, BPM: 56
6262, 1.7769, BPM: 56
6263, 1.9147, BPM: 56
6264, 2.0535, BPM: 56
6265, 2.1696, BPM: 56
6266, 2.2668, BPM: 56
6267, 2.3079, BPM: 56
6268, 2.2674, BPM: 56
6269, 2.1972, BPM: 56
6270, 2.1524, BPM: 56
6271, 2.1556, BPM: 56
6272, 2.22, BPM: 56
6273, 2.3219, BPM: 56
6274, 2.4096, BPM: 56
6275, 2.4462, BPM: 56
6276, 2.4091, BPM: 56
6277, 2.3098, BPM: 56
6278, 2.2073, BPM: 56
6279, 2.1499, BPM: 56
6280, 2.1484, BPM: 56
6281, 2.2028, BPM: 56
6282, 2.288, BPM: 56
6283, 2.3482, BPM: 56
6284, 2.346, BPM: 56
6285, 2.2845, BPM: 56
6286, 2.1908, BPM: 56
6287, 2.1127, BPM: 56
6288, 2.0902, BPM: 56
6289, 2.1092, BPM: 56
6290, 2.1401, BPM: 56
6291, 2.201, BPM: 56
6292, 2.2965, BPM: 56
6293, 2.3802, BPM: 56
6294, 2.4465, BPM: 56
6295, 2.5133, BPM: 56
6296, 2.5259, BPM: 56
6297, 2.4469, BPM: 56
6298, 2.3409, BPM: 56
6299, 2.2758, BPM: 56
6300, 2.2706, BPM: 56
6301, 2.3296, BPM: 56
6302, 2.4279, BPM: 56
6303, 2.5115, BPM: 56
6304, 2.5365, BPM: 56
6305, 2.4888, BPM: 56
6306, 2.3953, BPM: 56
6307, 2.3135, BPM: 56
6308, 2.2882, BPM: 56
6309, 2.3292, BPM: 56
6310, 2.4213, BPM: 56
6311, 2.5261, BPM: 56
6312, 2.5897, BPM: 56
6313, 2.5747, BPM: 56
6314, 2.4919, BPM: 56
6315, 2.3969, BPM: 56
6316, 2.3467, BPM: 56
6317, 2.3647, BPM: 56
6318, 2.4459, BPM: 56
6319, 2.5581, BPM: 56
6320, 2.6413, BPM: 56
6321, 2.6459, BPM: 56
6322, 2.5733, BPM: 56
6323, 2.4666, BPM: 56
6324, 2.3794, BPM: 56
6325, 2.3469, BPM: 56
6326, 2.375, BPM: 56
6327, 2.4436, BPM: 56
6328, 2.5056, BPM: 56
6329, 2.5084, BPM: 56
6330, 2.4406, BPM: 56
6331, 2.3414, BPM: 56
6332, 2.2672, BPM: 56
6333, 2.2595, BPM: 56
6334, 2.3277, BPM: 56
6335, 2.443, BPM: 56
6336, 2.5479, BPM: 56
6337, 2.5807, BPM: 56
6338, 2.5193, BPM: 56
6339, 2.4058, BPM: 56
6340, 2.3113, BPM: 56
6341, 2.2828, BPM: 56
6342, 2.3324, BPM: 56
6343, 2.439, BPM: 56
6344, 2.5434, BPM: 56
6345, 2.5817, BPM: 56
6346, 2.5389, BPM: 56
6347, 2.4542, BPM: 56
6348, 2.3851, BPM: 56
6349, 2.3721, BPM: 56
6350, 2.4206, BPM: 56
6351, 2.5036, BPM: 56
6352, 2.5722, BPM: 56
6353, 2.577, BPM: 56
6354, 2.5101, BPM: 56
6355, 2.4206, BPM: 56
6356, 2.3664, BPM: 56
6357, 2.3734, BPM: 56
6358, 2.4422, BPM: 56
6359, 2.5443, BPM: 56
6360, 2.618, BPM: 56
6361, 2.6118, BPM: 56
6362, 2.5298, BPM: 56
6363, 2.426, BPM: 56
6364, 2.3608, BPM: 56
6365, 2.362, BPM: 56
6366, 2.4204, BPM: 56
6367, 2.5014, BPM: 56
6368, 2.5467, BPM: 56
6369, 2.5096, BPM: 56
6370, 2.4063, BPM: 56
6371, 2.3028, BPM: 56
6372, 2.2522, BPM: 56
6373, 2.2673, BPM: 56
6374, 2.3321, BPM: 56
6375, 2.4024, BPM: 56
6376, 2.416, BPM: 56
6377, 2.3449, BPM: 56
6378, 2.2278, BPM: 56
6379, 2.1322, BPM: 56
6380, 2.1033, BPM: 56
6381, 2.151, BPM: 56
6382, 2.2485, BPM: 56
6383, 2.3365, BPM: 56
6384, 2.3556, BPM: 56
6385, 2.2956, BPM: 56
6386, 2.2049, BPM: 56
6387, 2.1449, BPM: 56
6388, 2.1434, BPM: 56
6389, 2.1941, BPM: 56
6390, 2.2627, BPM: 56
6391, 2.2893, BPM: 56
6392, 2.2329, BPM: 56
6393, 2.1208, BPM: 56
6394, 2.0246, BPM: 56
6395, 1.996, BPM: 56
6396, 2.0443, BPM: 56
6397, 2.1428, BPM: 56
6398, 2.2326, BPM: 56
6399, 2.251, BPM: 56
6400, 2.1873, BPM: 56
6401, 2.0973, BPM: 56
6402, 2.0494, BPM: 56
6403, 2.0751, BPM: 56
6404, 2.1616, BPM: 56
6405, 2.2626, BPM: 56
6406, 2.3149, BPM: 56
6407, 2.2802, BPM: 56
6408, 2.1889, BPM: 56
6409, 2.1159, BPM: 56
6410, 2.1082, BPM: 56
6411, 2.1624, BPM: 56
6412, 2.247, BPM: 56
6413, 2.3055, BPM: 56
6414, 2.2831, BPM: 56
6415, 2.1886, BPM: 56
6416, 2.0916, BPM: 56
6417, 2.0495, BPM: 56
6418, 2.0727, BPM: 56
6419, 2.1386, BPM: 56
6420, 2.1966, BPM: 56
6421, 2.1878, BPM: 56
6422, 2.1036, BPM: 56
6423, 2.0038, BPM: 56
6424, 1.9524, BPM: 56
6425, 1.9671, BPM: 56
6426, 2.0337, BPM: 56
6427, 2.1128, BPM: 56
6428, 2.1433, BPM: 56
6429, 2.0994, BPM: 56
6430, 2.0276, BPM: 56
6431, 1.9912, BPM: 56
6432, 2.0132, BPM: 56
6433, 2.0807, BPM: 56
6434, 2.1531, BPM: 56
6435, 2.1711, BPM: 56
6436, 2.1111, BPM: 56
6437, 2.0242, BPM: 56
6438, 1.9835, BPM: 56
6439, 2.0163, BPM: 56
6440, 2.1018, BPM: 56
6441, 2.195, BPM: 56
6442, 2.2375, BPM: 56
6443, 2.1951, BPM: 56
6444, 2.1062, BPM: 56
6445, 2.0487, BPM: 56
6446, 2.0546, BPM: 56
6447, 2.0993, BPM: 56
6448, 2.1449, BPM: 56
6449, 2.1468, BPM: 56
6450, 2.0806, BPM: 56
6451, 1.992, BPM: 56
6452, 1.9538, BPM: 56
6453, 1.9848, BPM: 56
6454, 2.0574, BPM: 56
6455, 2.1297, BPM: 56
6456, 2.1472, BPM: 56
6457, 2.0873, BPM: 56
6458, 1.9999, BPM: 56
6459, 1.9558, BPM: 56
6460, 1.9815, BPM: 56
6461, 2.0547, BPM: 56
6462, 2.1234, BPM: 56
6463, 2.1343, BPM: 56
6464, 2.079, BPM: 56
6465, 2.0105, BPM: 56
6466, 1.9938, BPM: 56
6467, 2.0473, BPM: 56
6468, 2.1376, BPM: 56
6469, 2.2079, BPM: 56
6470, 2.2042, BPM: 56
6471, 2.12, BPM: 56
6472, 2.0213, BPM: 56
6473, 1.9822, BPM: 56
6474, 2.0152, BPM: 56
6475, 2.0863, BPM: 56
6476, 2.146, BPM: 56
6477, 2.1451, BPM: 56
6478, 2.0845, BPM: 56
6479, 2.0307, BPM: 56
6480, 2.0365, BPM: 56
6481, 2.092, BPM: 56
6482, 2.1614, BPM: 56
6483, 2.199, BPM: 56
6484, 2.1647, BPM: 56
6485, 2.0842, BPM: 56
6486, 2.0343, BPM: 56
6487, 2.0474, BPM: 56
6488, 2.0994, BPM: 56
6489, 2.1539, BPM: 56
6490, 2.1616, BPM: 56
6491, 2.0951, BPM: 56
6492, 2.0037, BPM: 56
6493, 1.9591, BPM: 56
6494, 1.9766, BPM: 56
6495, 2.0302, BPM: 56
6496, 2.077, BPM: 56
6497, 2.0649, BPM: 56
6498, 1.9941, BPM: 56
6499, 1.9324, BPM: 56
6500, 1.9289, BPM: 56
6501, 1.9736, BPM: 56
6502, 2.0337, BPM: 56
6503, 2.0602, BPM: 56
6504, 2.0114, BPM: 56
6505, 1.9223, BPM: 56
6506, 1.873, BPM: 56
6507, 1.8906, BPM: 56
6508, 1.9518, BPM: 56
6509, 2.0167, BPM: 56
6510, 2.0259, BPM: 56
6511, 1.9614, BPM: 56
6512, 1.891, BPM: 56
6513, 1.8776, BPM: 56
6514, 1.9176, BPM: 56
6515, 1.9825, BPM: 56
6516, 2.0296, BPM: 56
6517, 2.014, BPM: 56
6518, 1.9533, BPM: 56
6519, 1.9135, BPM: 56
6520, 1.9219, BPM: 56
6521, 1.9572, BPM: 56
6522, 1.9818, BPM: 56
6523, 1.9579, BPM: 56
6524, 1.8943, BPM: 56
6525, 1.8565, BPM: 56
6526, 1.8864, BPM: 56
6527, 1.9634, BPM: 56
6528, 2.0403, BPM: 56
6529, 2.0622, BPM: 56
6530, 2.0027, BPM: 56
6531, 1.9135, BPM: 56
6532, 1.8712, BPM: 56
6533, 1.8906, BPM: 56
6534, 1.9406, BPM: 56
6535, 1.9774, BPM: 56
6536, 1.9588, BPM: 56
6537, 1.9037, BPM: 56
6538, 1.8865, BPM: 56
6539, 1.9359, BPM: 56
6540, 2.017, BPM: 56
6541, 2.0812, BPM: 56
6542, 2.0769, BPM: 56
6543, 2.119, BPM: 56
6544, 2.1466, BPM: 56
6545, 2.1549, BPM: 56
6546, 2.1868, BPM: 56
6547, 2.253, BPM: 56
6548, 2.305, BPM: 56
6549, 2.3191, BPM: 56
6550, 2.2933, BPM: 56
6551, 2.2062, BPM: 56
6552, 2.0867, BPM: 56
6553, 2.0062, BPM: 56
6554, 1.9866, BPM: 56
6555, 2.0233, BPM: 56
6556, 2.1141, BPM: 56
6557, 2.2213, BPM: 56
6558, 2.299, BPM: 56
6559, 2.3351, BPM: 56
6560, 2.3427, BPM: 56
6561, 2.3424, BPM: 56
6562, 2.3383, BPM: 56
6563, 2.3183, BPM: 56
6564, 2.2768, BPM: 56
6565, 2.205, BPM: 56
6566, 2.1009, BPM: 56
6567, 2.0051, BPM: 56
6568, 1.9637, BPM: 56
6569, 1.984, BPM: 56
6570, 2.0593, BPM: 56
6571, 2.171, BPM: 56
6572, 2.2734, BPM: 56
6573, 2.3271, BPM: 56
6574, 2.3205, BPM: 56
6575, 2.2699, BPM: 56
6576, 2.2256, BPM: 56
6577, 2.2114, BPM: 56
6578, 2.1816, BPM: 56
6579, 2.1245, BPM: 56
6580, 2.0862, BPM: 56
6581, 2.0518, BPM: 56
6582, 2.0094, BPM: 56
6583, 2.0367, BPM: 56
6584, 2.1468, BPM: 56
6585, 2.2537, BPM: 56
6586, 2.3202, BPM: 56
6587, 2.3401, BPM: 56
6588, 2.2907, BPM: 56
6589, 2.1953, BPM: 56
6590, 2.1049, BPM: 56
6591, 2.0514, BPM: 56
6592, 2.0467, BPM: 56
6593, 2.0558, BPM: 56
6594, 2.044, BPM: 56
6595, 2.0515, BPM: 56
6596, 2.0985, BPM: 56
6597, 2.1445, BPM: 56
6598, 2.2132, BPM: 56
6599, 2.3314, BPM: 56
6600, 2.4063, BPM: 56
6601, 2.3788, BPM: 56
6602, 2.3037, BPM: 56
6603, 2.2135, BPM: 56
6604, 2.1285, BPM: 56
6605, 2.105, BPM: 56
6606, 2.1554, BPM: 56
6607, 2.2514, BPM: 56
6608, 2.3665, BPM: 56
6609, 2.4526, BPM: 56
6610, 2.4653, BPM: 56
6611, 2.4168, BPM: 56
6612, 2.3708, BPM: 56
6613, 2.3662, BPM: 56
6614, 2.3613, BPM: 56
6615, 2.3349, BPM: 56
6616, 2.3351, BPM: 56
6617, 2.3449, BPM: 56
6618, 2.332, BPM: 56
6619, 2.3755, BPM: 56
6620, 2.507, BPM: 56
6621, 2.6389, BPM: 56
6622, 2.7306, BPM: 56
6623, 2.7782, BPM: 56
6624, 2.7501, BPM: 56
6625, 2.6665, BPM: 56
6626, 2.5839, BPM: 56
6627, 2.5281, BPM: 56
6628, 2.5143, BPM: 56
6629, 2.5414, BPM: 56
6630, 2.5674, BPM: 56
6631, 2.5329, BPM: 56
6632, 2.4011, BPM: 56
6633, 2.1897, BPM: 56
6634, 1.9567, BPM: 56
6635, 1.7591, BPM: 56
6636, 1.6439, BPM: 56
6637, 1.6276, BPM: 56
6638, 1.6791, BPM: 56
6639, 1.7769, BPM: 56
6640, 1.9147, BPM: 56
6641, 2.0535, BPM: 56
6642, 2.1696, BPM: 56
6643, 2.2668, BPM: 56
6644, 2.3079, BPM: 56
6645, 2.2674, BPM: 56
6646, 2.1972, BPM: 56
6647, 2.1524, BPM: 56
6648, 2.1556, BPM: 56
6649, 2.22, BPM: 56
6650, 2.3219, BPM: 56
6651, 2.4096, BPM: 56
6652, 2.4462, BPM: 56
6653, 2.4091, BPM: 56
6654, 2.3098, BPM: 56
6655, 2.2073, BPM: 56
6656, 2.1499, BPM: 56
6657, 2.1484, BPM: 56
6658, 2.2028, BPM: 56
6659, 2.288, BPM: 56
6660, 2.3482, BPM: 56
6661, 2.346, BPM: 56
6662, 2.2845, BPM: 56
6663, 2.1908, BPM: 56
6664, 2.1127, BPM: 56
6665, 2.0902, BPM: 56
6666, 2.1092, BPM: 56
6667, 2.1401, BPM: 56
6668, 2.201, BPM: 56
6669, 2.2965, BPM: 56
6670, 2.3802, BPM: 56
6671, 2.4465, BPM: 56
6672, 2.5133, BPM: 56
6673, 2.5259, BPM: 56
6674, 2.4469, BPM: 56
6675, 2.3409, BPM: 56
6676, 2.2758, BPM: 56
6677, 2.2706, BPM: 56
6678, 2.3296, BPM: 56
6679, 2.4279, BPM: 56
6680, 2.5115, BPM: 56
6681, 2.5365, BPM: 56
6682, 2.4888, BPM: 56
6683, 2.3953, BPM: 56
6684, 2.3135, BPM: 56
6685, 2.2882, BPM: 56
6686, 2.3292, BPM: 56
6687, 2.4213, BPM: 56
6688, 2.5261, BPM: 56
6689, 2.5897, BPM: 56
6690, 2.5747, BPM: 56
6691, 2.4919, BPM: 56
6692, 2.3969, BPM: 56
6693, 2.3467, BPM: 56
6694, 2.3647, BPM: 56
6695, 2.4459, BPM: 56
6696, 2.5581, BPM: 56
6697, 2.6413, BPM: 56
6698, 2.6459, BPM: 56
6699, 2.5733, BPM: 56
6700, 2.4666, BPM: 56
6701, 2.3794, BPM: 56
6702, 2.3469, BPM: 56
6703, 2.375, BPM: 56
6704, 2.4436, BPM: 56
6705, 2.5056, BPM: 56
6706, 2.5084, BPM: 56
6707, 2.4406, BPM: 56
6708, 2.3414, BPM: 56
6709, 2.2672, BPM: 56
6710, 2.2595, BPM: 56
6711, 2.3277, BPM: 56
6712, 2.443, BPM: 56
6713, 2.5479, BPM: 56
6714, 2.5807, BPM: 56
6715, 2.5193, BPM: 56
6716, 2.4058, BPM: 56
6717, 2.3113, BPM: 56
6718, 2.2828, BPM: 56
6719, 2.3324, BPM: 56
6720, 2.439, BPM: 56
6721, 2.5434, BPM: 56
6722, 2.5817, BPM: 56
6723, 2.5389, BPM: 56
6724, 2.4542, BPM: 56
6725, 2.3851, BPM: 56
6726, 2.3721, BPM: 56
6727, 2.4206, BPM: 56
6728, 2.5036, BPM: 56
6729, 2.5722, BPM: 56
6730, 2.577, BPM: 56
6731, 2.5101, BPM: 56
6732, 2.4206, BPM: 56
6733, 2.3664, BPM: 56
6734, 2.3734, BPM: 56
6735, 2.4422, BPM: 56
6736, 2.5443, BPM: 56
6737, 2.618, BPM: 56
6738, 2.6118, BPM: 56
6739, 2.5298, BPM: 56
6740, 2.426, BPM: 56
6741, 2.3608, BPM: 56
6742, 2.362, BPM: 56
6743, 2.4204, BPM: 56
6744, 2.5014, BPM: 56
6745, 2.5467, BPM: 56
6746, 2.5096, BPM: 56
6747, 2.4063, BPM: 56
6748, 2.3028, BPM: 56
6749, 2.2522, BPM: 56
6750, 2.2673, BPM: 56
6751, 2.3321, BPM: 56
6752, 2.4024, BPM: 56
6753, 2.416, BPM: 56
6754, 2.3449, BPM: 56
6755, 2.2278, BPM: 56
6756, 2.1322, BPM: 56
6757, 2.1033, BPM: 56
6758, 2.151, BPM: 56
6759, 2.2485, BPM: 56
6760, 2.3365, BPM: 56
6761, 2.3556, BPM: 56
6762, 2.2956, BPM: 56
6763, 2.2049, BPM: 56
6764, 2.1449, BPM: 56
6765, 2.1434, BPM: 56
6766, 2.1941, BPM: 56
6767, 2.2627, BPM: 56
6768, 2.2893, BPM: 56
6769, 2.2329, BPM: 56
6770, 2.1208, BPM: 56
6771, 2.0246, BPM: 56
6772, 1.996, BPM: 56
6773, 2.0443, BPM: 56
6774, 2.1428, BPM: 56
6775, 2.2326, BPM: 56
6776, 2.251, BPM: 56
6777, 2.1873, BPM: 56
6778, 2.0973, BPM: 56
6779, 2.0494, BPM: 56
6780, 2.0751, BPM: 56
6781, 2.1616, BPM: 56
6782, 2.2626, BPM: 56
6783, 2.3149, BPM: 56
6784, 2.2802, BPM: 56
6785, 2.1889, BPM: 56
6786, 2.1159, BPM: 56
6787, 2.1082, BPM: 56
6788, 2.1624, BPM: 56
6789, 2.247, BPM: 56
6790, 2.3055, BPM: 56
6791, 2.2831, BPM: 56
6792, 2.1886, BPM: 56
6793, 2.0916, BPM: 56
6794, 2.0495, BPM: 56
6795, 2.0727, BPM: 56
6796, 2.1386, BPM: 56
6797, 2.1966, BPM: 56
6798, 2.1878, BPM: 56
6799, 2.1036, BPM: 56
6800, 2.0038, BPM: 56
6801, 1.9524, BPM: 56
6802, 1.9671, BPM: 56
6803, 2.0337, BPM: 56
6804, 2.1128, BPM: 56
6805, 2.1433, BPM: 56
6806, 2.0994, BPM: 56
6807, 2.0276, BPM: 56
6808, 1.9912, BPM: 56
6809, 2.0132, BPM: 56
6810, 2.0807, BPM: 56
6811, 2.1531, BPM: 56
6812, 2.1711, BPM: 56
6813, 2.1111, BPM: 56
6814, 2.0242, BPM: 56
6815, 1.9835, BPM: 56
6816, 2.0163, BPM: 56
6817, 2.1018, BPM: 56
6818, 2.195, BPM: 56
6819, 2.2375, BPM: 56
6820, 2.1951, BPM: 56
6821, 2.1062, BPM: 56
6822, 2.0487, BPM: 56
6823, 2.0546, BPM: 56
6824, 2.0993, BPM: 56
6825, 2.1449, BPM: 56
6826, 2.1468, BPM: 56
6827, 2.0806, BPM: 56
6828, 1.992, BPM: 56
6829, 1.9538, BPM: 56
6830, 1.9848, BPM: 56
6831, 2.0574, BPM: 56
6832, 2.1297, BPM: 56
6833, 2.1472, BPM: 56
6834, 2.0873, BPM: 56
6835, 1.9999, BPM: 56
6836, 1.9558, BPM: 56
6837, 1.9815, BPM: 56
6838, 2.0547, BPM: 56
6839, 2.1234, BPM: 56
6840, 2.1343, BPM: 56
6841, 2.079, BPM: 56
6842, 2.0105, BPM: 56
6843, 1.9938, BPM: 56
6844, 2.0473, BPM: 56
6845, 2.1376, BPM: 56
6846, 2.2079, BPM: 56
6847, 2.2042, BPM: 56
6848, 2.12, BPM: 56
6849, 2.0213, BPM: 56
6850, 1.9822, BPM: 56
6851, 2.0152, BPM: 56
6852, 2.0863, BPM: 56
6853, 2.146, BPM: 56
6854, 2.1451, BPM: 56
6855, 2.0845, BPM: 56
6856, 2.0307, BPM: 56
6857, 2.0365, BPM: 56
6858, 2.092, BPM: 56
6859, 2.1614, BPM: 56
6860, 2.199, BPM: 56
6861, 2.1647, BPM: 56
6862, 2.0842, BPM: 56
6863, 2.0343, BPM: 56
6864, 2.0474, BPM: 56
6865, 2.0994, BPM: 56
6866, 2.1539, BPM: 56
6867, 2.1616, BPM: 56
6868, 2.0951, BPM: 56
6869, 2.0037, BPM: 56
6870, 1.9591, BPM: 56
6871, 1.9766, BPM: 56
6872, 2.0302, BPM: 56
6873, 2.077, BPM: 56
6874, 2.0649, BPM: 56
6875, 1.9941, BPM: 56
6876, 1.9324, BPM: 56
6877, 1.9289, BPM: 56
6878, 1.9736, BPM: 56
6879, 2.0337, BPM: 56
6880, 2.0602, BPM: 56
6881, 2.0114, BPM: 56
6882, 1.9223, BPM: 56
6883, 1.873, BPM: 56
6884, 1.8906, BPM: 56
6885, 1.9518, BPM: 56
6886, 2.0167, BPM: 56
6887, 2.0259, BPM: 56
6888, 1.9614, BPM: 56
6889, 1.891, BPM: 56
6890, 1.8776, BPM: 56
6891, 1.9176, BPM: 56
6892, 1.9825, BPM: 56
6893, 2.0296, BPM: 56
6894, 2.014, BPM: 56
6895, 1.9533, BPM: 56
6896, 1.9135, BPM: 56
6897, 1.9219, BPM: 56
6898, 1.9572, BPM: 56
6899, 1.9818, BPM: 56
6900, 1.9579, BPM: 56
6901, 1.8943, BPM: 56
6902, 1.8565, BPM: 56
6903, 1.8864, BPM: 56
6904, 1.9634, BPM: 56
6905, 2.0403, BPM: 56
6906, 2.0622, BPM: 56
6907, 2.0027, BPM: 56
6908, 1.9135, BPM: 56
6909, 1.8712, BPM: 56
6910, 1.8906, BPM: 56
6911, 1.9406, BPM: 56
6912, 1.9774, BPM: 56
6913, 1.9588, BPM: 56
6914, 1.9037, BPM: 56
6915, 1.8865, BPM: 56
6916, 1.9359, BPM: 56
6917, 2.017, BPM: 56
6918, 2.0812, BPM: 56
6919, 2.0769, BPM: 56
6920, 2.119, BPM: 56
6921, 2.1466, BPM: 56
6922, 2.1549, BPM: 56
6923, 2.1868, BPM: 56
6924, 2.253, BPM: 56
6925, 2.305, BPM: 56
6926, 2.3191, BPM: 56
6927, 2.2933, BPM: 56
6928, 2.2062, BPM: 56
6929, 2.0867, BPM: 56
6930, 2.0062, BPM: 56
6931, 1.9866, BPM: 56
6932, 2.0233, BPM: 56
6933, 2.1141, BPM: 56
6934, 2.2213, BPM: 56
6935, 2.299, BPM: 56
6936, 2.3351, BPM: 56
6937, 2.3427, BPM: 56
6938, 2.3424, BPM: 56
6939, 2.3383, BPM: 56
6940, 2.3183, BPM: 56
6941, 2.2768, BPM: 56
6942, 2.205, BPM: 56
6943, 2.1009, BPM: 56
6944, 2.0051, BPM: 56
6945, 1.9637, BPM: 56
6946, 1.984, BPM: 56
6947, 2.0593, BPM: 56
6948, 2.171, BPM: 56
6949, 2.2734, BPM: 56
6950, 2.3271, BPM: 56
6951, 2.3205, BPM: 56
6952, 2.2699, BPM: 56
6953, 2.2256, BPM: 56
6954, 2.2114, BPM: 56
6955, 2.1816, BPM: 56
6956, 2.1245, BPM: 56
6957, 2.0862, BPM: 56
6958, 2.0518, BPM: 56
6959, 2.0094, BPM: 56
6960, 2.0367, BPM: 56
6961, 2.1468, BPM: 56
6962, 2.2537, BPM: 56
6963, 2.3202, BPM: 56
6964, 2.3401, BPM: 56
6965, 2.2907, BPM: 56
6966, 2.1953, BPM: 56
6967, 2.1049, BPM: 56
6968, 2.0514, BPM: 56
6969, 2.0467, BPM: 56
6970, 2.0558, BPM: 56
6971, 2.044, BPM: 56
6972, 2.0515, BPM: 56
6973, 2.0985, BPM: 56
6974, 2.1445, BPM: 56
6975, 2.2132, BPM: 56
6976, 2.3314, BPM: 56
6977, 2.4063, BPM: 56
6978, 2.3788, BPM: 56
6979, 2.3037, BPM: 56
6980, 2.2135, BPM: 56
6981, 2.1285, BPM: 56
6982, 2.105, BPM: 56
6983, 2.1554, BPM: 56
6984, 2.2514, BPM: 56
6985, 2.3665, BPM: 56
6986, 2.4526, BPM: 56
6987, 2.4653, BPM: 56
6988, 2.4168, BPM: 56
6989, 2.3708, BPM: 56
6990, 2.3662, BPM: 56
6991, 2.3613, BPM: 56
6992, 2.3349, BPM: 56
6993, 2.3351, BPM: 56
6994, 2.3449, BPM: 56
6995, 2.332, BPM: 56
6996, 2.3755, BPM: 56
6997, 2.507, BPM: 56
6998, 2.6389, BPM: 56
6999, 2.7306, BPM: 56
7000, 2.7782, BPM: 56
7001, 2.7501, BPM: 56
7002, 2.6665, BPM: 56
7003, 2.5839, BPM: 56
7004, 2.5281, BPM: 56
7005, 2.5143, BPM: 56
7006, 2.5414, BPM: 56
7007, 2.5674, BPM: 56
7008, 2.5329, BPM: 56
7009, 2.4011, BPM: 56
7010, 2.1897, BPM: 56
7011, 1.9567, BPM: 56
7012, 1.7591, BPM: 56
7013, 1.6439, BPM: 56
7014, 1.6276, BPM: 56
7015, 1.6791, BPM: 56
7016, 1.7769, BPM: 56
7017, 1.9147, BPM: 56
7018, 2.0535, BPM: 56
7019, 2.1696, BPM: 56
7020, 2.2668, BPM: 56
7021, 2.3079, BPM: 56
7022, 2.2674, BPM: 56
7023, 2.1972, BPM: 56
7024, 2.1524, BPM: 56
7025, 2.1556, BPM: 56
7026, 2.22, BPM: 56
7027, 2.3219, BPM: 56
7028, 2.4096, BPM: 56
7029, 2.4462, BPM: 56
7030, 2.4091, BPM: 56
7031, 2.3098, BPM: 56
7032, 2.2073, BPM: 56
7033, 2.1499, BPM: 56
7034, 2.1484, BPM: 56
7035, 2.2028, BPM: 56
7036, 2.288, BPM: 56
7037, 2.3482, BPM: 56
7038, 2.346, BPM: 56
7039, 2.2845, BPM: 56
7040, 2.1908, BPM: 56
7041, 2.1127, BPM: 56
7042, 2.0902, BPM: 56
7043, 2.1092, BPM: 56
7044, 2.1401, BPM: 56
7045, 2.201, BPM: 56
7046, 2.2965, BPM: 56
7047, 2.3802, BPM: 56
7048, 2.4465, BPM: 56
7049, 2.5133, BPM: 56
7050, 2.5259, BPM: 56
7051, 2.4469, BPM: 56
7052, 2.3409, BPM: 56
7053, 2.2758, BPM: 56
7054, 2.2706, BPM: 56
7055, 2.3296, BPM: 56
7056, 2.4279, BPM: 56
7057, 2.5115, BPM: 56
7058, 2.5365, BPM: 56
7059, 2.4888, BPM: 56
7060, 2.3953, BPM: 56
7061, 2.3135, BPM: 56
7062, 2.2882, BPM: 56
7063, 2.3292, BPM: 56
7064, 2.4213, BPM: 56
7065, 2.5261, BPM: 56
7066, 2.5897, BPM: 56
7067, 2.5747, BPM: 56
7068, 2.4919, BPM: 56
7069, 2.3969, BPM: 56
7070, 2.3467, BPM: 56
7071, 2.3647, BPM: 56
7072, 2.4459, BPM: 56
7073, 2.5581, BPM: 56
7074, 2.6413, BPM: 56
7075, 2.6459, BPM: 56
7076, 2.5733, BPM: 56
7077, 2.4666, BPM: 56
7078, 2.3794, BPM: 56
7079, 2.3469, BPM: 56
7080, 2.375, BPM: 56
7081, 2.4436, BPM: 56
7082, 2.5056, BPM: 56
7083, 2.5084, BPM: 56
7084, 2.4406, BPM: 56
7085, 2.3414, BPM: 56
7086, 2.2672, BPM: 56
7087, 2.2595, BPM: 56
7088, 2.3277, BPM: 56
7089, 2.443, BPM: 56
7090, 2.5479, BPM: 56
7091, 2.5807, BPM: 56
7092, 2.5193, BPM: 56
7093, 2.4058, BPM: 56
7094, 2.3113, BPM: 56
7095, 2.2828, BPM: 56
7096, 2.3324, BPM: 56
7097, 2.439, BPM: 56
7098, 2.5434, BPM: 56
7099, 2.5817, BPM: 56
7100, 2.5389, BPM: 56
7101, 2.4542, BPM: 56
7102, 2.3851, BPM: 56
7103, 2.3721, BPM: 56
7104, 2.4206, BPM: 56
7105, 2.5036, BPM: 56
7106, 2.5722, BPM: 56
7107, 2.577, BPM: 56
7108, 2.5101, BPM: 56
7109, 2.4206, BPM: 56
7110, 2.3664, BPM: 56
7111, 2.3734, BPM: 56
7112, 2.4422, BPM: 56
7113, 2.5443, BPM: 56
7114, 2.618, BPM: 56
7115, 2.6118, BPM: 56
7116, 2.5298, BPM: 56
7117, 2.426, BPM: 56
7118, 2.3608, BPM: 56
7119, 2.362, BPM: 56
7120, 2.4204, BPM: 56
7121, 2.5014, BPM: 56
7122, 2.5467, BPM: 56
7123, 2.5096, BPM: 56
7124, 2.4063, BPM: 56
7125, 2.3028, BPM: 56
7126, 2.2522, BPM: 56
7127, 2.2673, BPM: 56
7128, 2.3321, BPM: 56
7129, 2.4024, BPM: 56
7130, 2.416, BPM: 56
7131, 2.3449, BPM: 56
7132, 2.2278, BPM: 56
7133, 2.1322, BPM: 56
7134, 2.1033, BPM: 56
7135, 2.151, BPM: 56
7136, 2.2485, BPM: 56
7137, 2.3365, BPM: 56
7138, 2.3556, BPM: 56
7139, 2.2956, BPM: 56
7140, 2.2049, BPM: 56
7141, 2.1449, BPM: 56
7142, 2.1434, BPM: 56
7143, 2.1941, BPM: 56
7144, 2.2627, BPM: 56
7145, 2.2893, BPM: 56
7146, 2.2329, BPM: 56
7147, 2.1208, BPM: 56
7148, 2.0246, BPM: 56
7149, 1.996, BPM: 56
7150, 2.0443, BPM: 56
7151, 2.1428, BPM: 56
7152, 2.2326, BPM: 56
7153, 2.251, BPM: 56
7154, 2.1873, BPM: 56
7155, 2.0973, BPM: 56
7156, 2.0494, BPM: 56
7157, 2.0751, BPM: 56
7158, 2.1616, BPM: 56
7159, 2.2626, BPM: 56
7160, 2.3149, BPM: 56
7161, 2.2802, BPM: 56
7162, 2.1889, BPM: 56
7163, 2.1159, BPM: 56
7164, 2.1082, BPM: 56
7165, 2.1624, BPM: 56
7166, 2.247, BPM: 56
7167, 2.3055, BPM: 56
7168, 2.2831, BPM: 56
7169, 2.1886, BPM: 56
7170, 2.0916, BPM: 56
7171, 2.0495, BPM: 56
7172, 2.0727, BPM: 56
7173, 2.1386, BPM: 56
7174, 2.1966, BPM: 56
7175, 2.1878, BPM: 56
7176, 2.1036, BPM: 56
7177, 2.0038, BPM: 56
7178, 1.9524, BPM: 56
7179, 1.9671, BPM: 56
7180, 2.0337, BPM: 56
7181, 2.1128, BPM: 56
7182, 2.1433, BPM: 56
7183, 2.0994, BPM: 56
7184, 2.0276, BPM: 56
7185, 1.9912, BPM: 56
7186, 2.0132, BPM: 56
7187, 2.0807, BPM: 56
7188, 2.1531, BPM: 56
7189, 2.1711, BPM: 56
7190, 2.1111, BPM: 56
7191, 2.0242, BPM: 56
7192, 1.9835, BPM: 56
7193, 2.0163, BPM: 56
7194, 2.1018, BPM: 56
7195, 2.195, BPM: 56
7196, 2.2375, BPM: 56
7197, 2.1951, BPM: 56
7198, 2.1062, BPM: 56
7199, 2.0487, BPM: 56
7200, 2.0546, BPM: 56
7201, 2.0993, BPM: 56
7202, 2.1449, BPM: 56
7203, 2.1468, BPM: 56
7204, 2.0806, BPM: 56
7205, 1.992, BPM: 56
7206, 1.9538, BPM: 56
7207, 1.9848, BPM: 56
7208, 2.0574, BPM: 56
7209, 2.1297, BPM: 56
7210, 2.1472, BPM: 56
7211, 2.0873, BPM: 56
7212, 1.9999, BPM: 56
7213, 1.9558, BPM: 56
7214, 1.9815, BPM: 56
7215, 2.0547, BPM: 56
7216, 2.1234, BPM: 56
7217, 2.1343, BPM: 56
7218, 2.079, BPM: 56
7219, 2.0105, BPM: 56
7220, 1.9938, BPM: 56
7221, 2.0473, BPM: 56
7222, 2.1376, BPM: 56
7223, 2.2079, BPM: 56
7224, 2.2042, BPM: 56
7225, 2.12, BPM: 56
7226, 2.0213, BPM: 56
7227, 1.9822, BPM: 56
7228, 2.0152, BPM: 56
7229, 2.0863, BPM: 56
7230, 2.146, BPM: 56
7231, 2.1451, BPM: 56
7232, 2.0845, BPM: 56
7233, 2.0307, BPM: 56
7234, 2.0365, BPM: 56
7235, 2.092, BPM: 56
7236, 2.1614, BPM: 56
7237, 2.199, BPM: 56
7238, 2.1647, BPM: 56
7239, 2.0842, BPM: 56
7240, 2.0343, BPM: 56
7241, 2.0474, BPM: 56
7242, 2.0994, BPM: 56
7243, 2.1539, BPM: 56
7244, 2.1616, BPM: 56
7245, 2.0951, BPM: 56
7246, 2.0037, BPM: 56
7247, 1.9591, BPM: 56
7248, 1.9766, BPM: 56
7249, 2.0302, BPM: 56
7250, 2.077, BPM: 56
7251, 2.0649, BPM: 56
7252, 1.9941, BPM: 56
7253, 1.9324, BPM: 56
7254, 1.9289, BPM: 56
7255, 1.9736, BPM: 56
7256, 2.0337, BPM: 56
7257, 2.0602, BPM: 56
7258, 2.0114, BPM: 56
7259, 1.9223, BPM: 56
7260, 1.873, BPM: 56
7261, 1.8906, BPM: 56
7262, 1.9518, BPM: 56
7263, 2.0167, BPM: 56
7264, 2.0259, BPM: 56
7265, 1.9614, BPM: 56
7266, 1.891, BPM: 56
7267, 1.8776, BPM: 56
7268, 1.9176, BPM: 56
7269, 1.9825, BPM: 56
7270, 2.0296, BPM: 56
7271, 2.014, BPM: 56
7272, 1.9533, BPM: 56
7273, 1.9135, BPM: 56
7274, 1.9219, BPM: 56
7275, 1.9572, BPM: 56
7276, 1.9818, BPM: 56
7277, 1.9579, BPM: 56
7278, 1.8943, BPM: 56
7279, 1.8565, BPM: 56
7280, 1.8864, BPM: 56
7281, 1.9634, BPM: 56
7282, 2.0403, BPM: 56
7283, 2.0622, BPM: 56
7284, 2.0027, BPM: 56
7285, 1.9135, BPM: 56
7286, 1.8712, BPM: 56
7287, 1.8906, BPM: 56
7288, 1.9406, BPM: 56
7289, 1.9774, BPM: 56
7290, 1.9588, BPM: 56
7291, 1.9037, BPM: 56
7292, 1.8865, BPM: 56
7293, 1.9359, BPM: 56
7294, 2.017, BPM: 56
7295, 2.0812, BPM: 56
7296, 2.0769, BPM: 56
7297, 2.119, BPM: 56
7298, 2.1466, BPM: 56
7299, 2.1549, BPM: 56
7300, 2.1868, BPM: 56
7301, 2.253, BPM: 56
7302, 2.305, BPM: 56
7303, 2.3191, BPM: 56
7304, 2.2933, BPM: 56
7305, 2.2062, BPM: 56
7306, 2.0867, BPM: 56
7307, 2.0062, BPM: 56
7308, 1.9866, BPM: 56
7309, 2.0233, BPM: 56
7310, 2.1141, BPM: 56
7311, 2.2213, BPM: 56
7312, 2.299, BPM: 56
7313, 2.3351, BPM: 56
7314, 2.3427, BPM: 56
7315, 2.3424, BPM: 56
7316, 2.3383, BPM: 56
7317, 2.3183, BPM: 56
7318, 2.2768, BPM: 56
7319, 2.205, BPM: 56
7320, 2.1009, BPM: 56
7321, 2.0051, BPM: 56
7322, 1.9637, BPM: 56
7323, 1.984, BPM: 56
7324, 2.0593, BPM: 56
7325, 2.171, BPM: 56
7326, 2.2734, BPM: 56
7327, 2.3271, BPM: 56
7328, 2.3205, BPM: 56
7329, 2.2699, BPM: 56
7330, 2.2256, BPM: 56
7331, 2.2114, BPM: 56
7332, 2.1816, BPM: 56
7333, 2.1245, BPM: 56
7334, 2.0862, BPM: 56
7335, 2.0518, BPM: 56
7336, 2.0094, BPM: 56
7337, 2.0367, BPM: 56
7338, 2.1468, BPM: 56
7339, 2.2537, BPM: 56
7340, 2.3202, BPM: 56
7341, 2.3401, BPM: 56
7342, 2.2907, BPM: 56
7343, 2.1953, BPM: 56
7344, 2.1049, BPM: 56
7345, 2.0514, BPM: 56
7346, 2.0467, BPM: 56
7347, 2.0558, BPM: 56
7348, 2.044, BPM: 56
7349, 2.0515, BPM: 56
7350, 2.0985, BPM: 56
7351, 2.1445, BPM: 56
7352, 2.2132, BPM: 56
7353, 2.3314, BPM: 56
7354, 2.4063, BPM: 56
7355, 2.3788, BPM: 56
7356, 2.3037, BPM: 56
7357, 2.2135, BPM: 56
7358, 2.1285, BPM: 56
7359, 2.105, BPM: 56
7360, 2.1554, BPM: 56
7361, 2.2514, BPM: 56
7362, 2.3665, BPM: 56
7363, 2.4526, BPM: 56
7364, 2.4653, BPM: 56
7365, 2.4168, BPM: 56
7366, 2.3708, BPM: 56
7367, 2.3662, BPM: 56
7368, 2.3613, BPM: 56
7369, 2.3349, BPM: 56
7370, 2.3351, BPM: 56
7371, 2.3449, BPM: 56
7372, 2.332, BPM: 56
7373, 2.3755, BPM: 56
7374, 2.507, BPM: 56
7375, 2.6389, BPM: 56
7376, 2.7306, BPM: 56
7377, 2.7782, BPM: 56
7378, 2.7501, BPM: 56
7379, 2.6665, BPM: 56
7380, 2.5839, BPM: 56
7381, 2.5281, BPM: 56
7382, 2.5143, BPM: 56
7383, 2.5414, BPM: 56
7384, 2.5674, BPM: 56
7385, 2.5329, BPM: 56
7386, 2.4011, BPM: 56
7387, 2.1897, BPM: 56
7388, 1.9567, BPM: 56
7389, 1.7591, BPM: 56
7390, 1.6439, BPM: 56
7391, 1.6276, BPM: 56
7392, 1.6791, BPM: 56
7393, 1.7769, BPM: 56
7394, 1.9147, BPM: 56
7395, 2.0535, BPM: 56
7396, 2.1696, BPM: 56
7397, 2.2668, BPM: 56
7398, 2.3079, BPM: 56
7399, 2.2674, BPM: 56
7400, 2.1972, BPM: 56
7401, 2.1524, BPM: 56
7402, 2.1556, BPM: 56
7403, 2.22, BPM: 56
7404, 2.3219, BPM: 56
7405, 2.4096, BPM: 56
7406, 2.4462, BPM: 56
7407, 2.4091, BPM: 56
7408, 2.3098, BPM: 56
7409, 2.2073, BPM: 56
7410, 2.1499, BPM: 56
7411, 2.1484, BPM: 56
7412, 2.2028, BPM: 56
7413, 2.288, BPM: 56
7414, 2.3482, BPM: 56
7415, 2.346, BPM: 56
7416, 2.2845, BPM: 56
7417, 2.1908, BPM: 56
7418, 2.1127, BPM: 56
7419, 2.0902, BPM: 56
7420, 2.1092, BPM: 56
7421, 2.1401, BPM: 56
7422, 2.201, BPM: 56
7423, 2.2965, BPM: 56
7424, 2.3802, BPM: 56
7425, 2.4465, BPM: 56
7426, 2.5133, BPM: 56
7427, 2.5259, BPM: 56
7428, 2.4469, BPM: 56
7429, 2.3409, BPM: 56
7430, 2.2758, BPM: 56
7431, 2.2706, BPM: 56
7432, 2.3296, BPM: 56
7433, 2.4279, BPM: 56
7434, 2.5115, BPM: 56
7435, 2.5365, BPM: 56
7436, 2.4888, BPM: 56
7437, 2.3953, BPM: 56
7438, 2.3135, BPM: 56
7439, 2.2882, BPM: 56
7440, 2.3292, BPM: 56
7441, 2.4213, BPM: 56
7442, 2.5261, BPM: 56
7443, 2.5897, BPM: 56
7444, 2.5747, BPM: 56
7445, 2.4919, BPM: 56
7446, 2.3969, BPM: 56
7447, 2.3467, BPM: 56
7448, 2.3647, BPM: 56
7449, 2.4459, BPM: 56
7450, 2.5581, BPM: 56
7451, 2.6413, BPM: 56
7452, 2.6459, BPM: 56
7453, 2.5733, BPM: 56
7454, 2.4666, BPM: 56
7455, 2.3794, BPM: 56
7456, 2.3469, BPM: 56
7457, 2.375, BPM: 56
7458, 2.4436, BPM: 56
7459, 2.5056, BPM: 56
7460, 2.5084, BPM: 56
7461, 2.4406, BPM: 56
7462, 2.3414, BPM: 56
7463, 2.2672, BPM: 56
7464, 2.2595, BPM: 56
7465, 2.3277, BPM: 56
7466, 2.443, BPM: 56
7467, 2.5479, BPM: 56
7468, 2.5807, BPM: 56
7469, 2.5193, BPM: 56
7470, 2.4058, BPM: 56
7471, 2.3113, BPM: 56
7472, 2.2828, BPM: 56
7473, 2.3324, BPM: 56
7474, 2.439, BPM: 56
7475, 2.5434, BPM: 56
7476, 2.5817, BPM: 56
7477, 2.5389, BPM: 56
7478, 2.4542, BPM: 56
7479, 2.3851, BPM: 56
7480, 2.3721, BPM: 56
7481, 2.4206, BPM: 56
7482, 2.5036, BPM: 56
7483, 2.5722, BPM: 56
7484, 2.577, BPM: 56
7485, 2.5101, BPM: 56
7486, 2.4206, BPM: 56
7487, 2.3664, BPM: 56
7488, 2.3734, BPM: 56
7489, 2.4422, BPM: 56
7490, 2.5443, BPM: 56
7491, 2.618, BPM: 56
7492, 2.6118, BPM: 56
7493, 2.5298, BPM: 56
7494, 2.426, BPM: 56
7495, 2.3608, BPM: 56
7496, 2.362, BPM: 56
7497, 2.4204, BPM: 56
7498, 2.5014, BPM: 56
7499, 2.5467, BPM: 56
7500, 2.5096, BPM: 56
7501, 2.4063, BPM: 56
7502, 2.3028, BPM: 56
7503, 2.2522, BPM: 56
7504, 2.2673, BPM: 56
7505, 2.3321, BPM: 56
7506, 2.4024, BPM: 56
7507, 2.416, BPM: 56
7508, 2.3449, BPM: 56
7509, 2.2278, BPM: 56
7510, 2.1322, BPM: 56
7511, 2.1033, BPM: 56
7512, 2.151, BPM: 56
7513, 2.2485, BPM: 56
7514, 2.3365, BPM: 56
7515, 2.3556, BPM: 56
7516, 2.2956, BPM: 56
7517, 2.2049, BPM: 56
7518, 2.1449, BPM: 56
7519, 2.1434, BPM: 56
7520, 2.1941, BPM: 56
7521, 2.2627, BPM: 56
7522, 2.2893, BPM: 56
7523, 2.2329, BPM: 56
7524, 2.1208, BPM: 56
7525, 2.0246, BPM: 56
7526, 1.996, BPM: 56
7527, 2.0443, BPM: 56
7528, 2.1428, BPM: 56
7529, 2.2326, BPM: 56
7530, 2.251, BPM: 56
7531, 2.1873, BPM: 56
7532, 2.0973, BPM: 56
7533, 2.0494, BPM: 56
7534, 2.0751, BPM: 56
7535, 2.1616, BPM: 56
7536, 2.2626, BPM: 56
7537, 2.3149, BPM: 56
7538, 2.2802, BPM: 56
7539, 2.1889, BPM: 56
7540, 2.1159, BPM: 56
7541, 2.1082, BPM: 56
7542, 2.1624, BPM: 56
7543, 2.247, BPM: 56
7544, 2.3055, BPM: 56
7545, 2.2831, BPM: 56
7546, 2.1886, BPM: 56
7547, 2.0916, BPM: 56
7548, 2.0495, BPM: 56
7549, 2.0727, BPM: 56
7550, 2.1386, BPM: 56
7551, 2.1966, BPM: 56
7552, 2.1878, BPM: 56
7553, 2.1036, BPM: 56
7554, 2.0038, BPM: 56
7555, 1.9524, BPM: 56
7556, 1.9671, BPM: 56
7557, 2.0337, BPM: 56
7558, 2.1128, BPM: 56
7559, 2.1433, BPM: 56
7560, 2.0994, BPM: 56
7561, 2.0276, BPM: 56
7562, 1.9912, BPM: 56
7563, 2.0132, BPM: 56
7564, 2.0807, BPM: 56
7565, 2.1531, BPM: 56
7566, 2.1711, BPM: 56
7567, 2.1111, BPM: 56
7568, 2.0242, BPM: 56
7569, 1.9835, BPM: 56
7570, 2.0163, BPM: 56
7571, 2.1018, BPM: 56
7572, 2.195, BPM: 56
7573, 2.2375, BPM: 56
7574, 2.1951, BPM: 56
7575, 2.1062, BPM: 56
7576, 2.0487, BPM: 56
7577, 2.0546, BPM: 56
7578, 2.0993, BPM: 56
7579, 2.1449, BPM: 56
7580, 2.1468, BPM: 56
7581, 2.0806, BPM: 56
7582, 1.992, BPM: 56
7583, 1.9538, BPM: 56
7584, 1.9848, BPM: 56
7585, 2.0574, BPM: 56
7586, 2.1297, BPM: 56
7587, 2.1472, BPM: 56
7588, 2.0873, BPM: 56
7589, 1.9999, BPM: 56
7590, 1.9558, BPM: 56
7591, 1.9815, BPM: 56
7592, 2.0547, BPM: 56
7593, 2.1234, BPM: 56
7594, 2.1343, BPM: 56
7595, 2.079, BPM: 56
7596, 2.0105, BPM: 56
7597, 1.9938, BPM: 56
7598, 2.0473, BPM: 56
7599, 2.1376, BPM: 56
7600, 2.2079, BPM: 56
7601, 2.2042, BPM: 56
7602, 2.12, BPM: 56
7603, 2.0213, BPM: 56
7604, 1.9822, BPM: 56
7605, 2.0152, BPM: 56
7606, 2.0863, BPM: 56
7607, 2.146, BPM: 56
7608, 2.1451, BPM: 56
7609, 2.0845, BPM: 56
7610, 2.0307, BPM: 56
7611, 2.0365, BPM: 56
7612, 2.092, BPM: 56
7613, 2.1614, BPM: 56
7614, 2.199, BPM: 56
7615, 2.1647, BPM: 56
7616, 2.0842, BPM: 56
7617, 2.0343, BPM: 56
7618, 2.0474, BPM: 56
7619, 2.0994, BPM: 56
7620, 2.1539, BPM: 56
7621, 2.1616, BPM: 56
7622, 2.0951, BPM: 56
7623, 2.0037, BPM: 56
7624, 1.9591, BPM: 56
7625, 1.9766, BPM: 56
7626, 2.0302, BPM: 56
7627, 2.077, BPM: 56
7628, 2.0649, BPM: 56
7629, 1.9941, BPM: 56
7630, 1.9324, BPM: 56
7631, 1.9289, BPM: 56
7632, 1.9736, BPM: 56
7633, 2.0337, BPM: 56
7634, 2.0602, BPM: 56
7635, 2.0114, BPM: 56
7636, 1.9223, BPM: 56
7637, 1.873, BPM: 56
7638, 1.8906, BPM: 56
7639, 1.9518, BPM: 56
7640, 2.0167, BPM: 56
7641, 2.0259, BPM: 56
7642, 1.9614, BPM: 56
7643, 1.891, BPM: 56
7644, 1.8776, BPM: 56
7645, 1.9176, BPM: 56
7646, 1.9825, BPM: 56
7647, 2.0296, BPM: 56
7648, 2.014, BPM: 56
7649, 1.9533, BPM: 56
7650, 1.9135, BPM: 56
7651, 1.9219, BPM: 56
7652, 1.9572, BPM: 56
7653, 1.9818, BPM: 56
7654, 1.9579, BPM: 56
7655, 1.8943, BPM: 56
7656, 1.8565, BPM: 56
7657, 1.8864, BPM: 56
7658, 1.9634, BPM: 56
7659, 2.0403, BPM: 56
7660, 2.0622, BPM: 56
7661, 2.0027, BPM: 56
7662, 1.9135, BPM: 56
7663, 1.8712, BPM: 56
7664, 1.8906, BPM: 56
7665, 1.9406, BPM: 56
7666, 1.9774, BPM: 56
7667, 1.9588, BPM: 56
7668, 1.9037, BPM: 56
7669, 1.8865, BPM: 56
7670, 1.9359, BPM: 56
7671, 2.017, BPM: 56
7672, 2.0812, BPM: 56
7673, 2.0769, BPM: 56
7674, 2.119, BPM: 56
7675, 2.1466, BPM: 56
7676, 2.1549, BPM: 56
7677, 2.1868, BPM: 56
7678, 2.253, BPM: 56
7679, 2.305, BPM: 56
7680, 2.3191, BPM: 56
7681, 2.2933, BPM: 56
7682, 2.2062, BPM: 56
7683, 2.0867, BPM: 56
7684, 2.0062, BPM: 56
7685, 1.9866, BPM: 56
7686, 2.0233, BPM: 56
7687, 2.1141, BPM: 56
7688, 2.2213, BPM: 56
7689, 2.299, BPM: 56
7690, 2.3351, BPM: 56
7691, 2.3427, BPM: 56
7692, 2.3424, BPM: 56
7693, 2.3383, BPM: 56
7694, 2.3183, BPM: 56
7695, 2.2768, BPM: 56
7696, 2.205, BPM: 56
7697, 2.1009, BPM: 56
7698, 2.0051, BPM: 56
7699, 1.9637, BPM: 56
7700, 1.984, BPM: 56
7701, 2.0593, BPM: 56
7702, 2.171, BPM: 56
7703, 2.2734, BPM: 56
7704, 2.3271, BPM: 56
7705, 2.3205, BPM: 56
7706, 2.2699, BPM: 56
7707, 2.2256, BPM: 56
7708, 2.2114, BPM: 56
7709, 2.1816, BPM: 56
7710, 2.1245, BPM: 56
7711, 2.0862, BPM: 56
7712, 2.0518, BPM: 56
7713, 2.0094, BPM: 56
7714, 2.0367, BPM: 56
7715, 2.1468, BPM: 56
7716, 2.2537, BPM: 56
7717, 2.3202, BPM: 56
7718, 2.3401, BPM: 56
7719, 2.2907, BPM: 56
7720, 2.1953, BPM: 56
7721, 2.1049, BPM: 56
7722, 2.0514, BPM: 56
7723, 2.0467, BPM: 56
7724, 2.0558, BPM: 56
7725, 2.044, BPM: 56
7726, 2.0515, BPM: 56
7727, 2.0985, BPM: 56
7728, 2.1445, BPM: 56
7729, 2.2132, BPM: 56
7730, 2.3314, BPM: 56
7731, 2.4063, BPM: 56
7732, 2.3788, BPM: 56
7733, 2.3037, BPM: 56
7734, 2.2135, BPM: 56
7735, 2.1285, BPM: 56
7736, 2.105, BPM: 56
7737, 2.1554, BPM: 56
7738, 2.2514, BPM: 56
7739, 2.3665, BPM: 56
7740, 2.4526, BPM: 56
7741, 2.4653, BPM: 56
7742, 2.4168, BPM: 56
7743, 2.3708, BPM: 56
7744, 2.3662, BPM: 56
7745, 2.3613, BPM: 56
7746, 2.3349, BPM: 56
7747, 2.3351, BPM: 56
7748, 2.3449, BPM: 56
7749, 2.332, BPM: 56
7750, 2.3755, BPM: 56
7751, 2.507, BPM: 56
7752, 2.6389, BPM: 56
7753, 2.7306, BPM: 56
7754, 2.7782, BPM: 56
7755, 2.7501, BPM: 56
7756, 2.6665, BPM: 56
7757, 2.5839, BPM: 56
7758, 2.5281, BPM: 56
7759, 2.5143, BPM: 56
7760, 2.5414, BPM: 56
7761, 2.5674, BPM: 56
7762, 2.5329, BPM: 56
7763, 2.4011, BPM: 56
7764, 2.1897, BPM: 56
7765, 1.9567, BPM: 56
7766, 1.7591, BPM: 56
7767, 1.6439, BPM: 56
7768, 1.6276, BPM: 56
7769, 1.6791, BPM: 56
7770, 1.7769, BPM: 56
7771, 1.9147, BPM: 56
7772, 2.0535, BPM: 56
7773, 2.1696, BPM: 56
7774, 2.2668, BPM: 56
7775, 2.3079, BPM: 56
7776, 2.2674, BPM: 56
7777, 2.1972, BPM: 56
7778, 2.1524, BPM: 56
7779, 2.1556, BPM: 56
7780, 2.22, BPM: 56
7781, 2.3219, BPM: 56
7782, 2.4096, BPM: 56
7783, 2.4462, BPM: 56
7784, 2.4091, BPM: 56
7785, 2.3098, BPM: 56
7786, 2.2073, BPM: 56
7787, 2.1499, BPM: 56
7788, 2.1484, BPM: 56
7789, 2.2028, BPM: 56
7790, 2.288, BPM: 56
7791, 2.3482, BPM: 56
7792, 2.346, BPM: 56
7793, 2.2845, BPM: 56
7794, 2.1908, BPM: 56
7795, 2.1127, BPM: 56
7796, 2.0902, BPM: 56
7797, 2.1092, BPM: 56
7798, 2.1401, BPM: 56
7799, 2.201, BPM: 56
7800, 2.2965, BPM: 56
7801, 2.3802, BPM: 56
7802, 2.4465, BPM: 56
7803, 2.5133, BPM: 56
7804, 2.5259, BPM: 56
7805, 2.4469, BPM: 56
7806, 2.3409, BPM: 56
7807, 2.2758, BPM: 56
7808, 2.2706, BPM: 56
7809, 2.3296, BPM: 56
7810, 2.4279, BPM: 56
7811, 2.5115, BPM: 56
7812, 2.5365, BPM: 56
7813, 2.4888, BPM: 56
7814, 2.3953, BPM: 56
7815, 2.3135, BPM: 56
7816, 2.2882, BPM: 56
7817, 2.3292, BPM: 56
7818, 2.4213, BPM: 56
7819, 2.5261, BPM: 56
7820, 2.5897, BPM: 56
7821, 2.5747, BPM: 56
7822, 2.4919, BPM: 56
7823, 2.3969, BPM: 56
7824, 2.3467, BPM: 56
7825, 2.3647, BPM: 56
7826, 2.4459, BPM: 56
7827, 2.5581, BPM: 56
7828, 2.6413, BPM: 56
7829, 2.6459, BPM: 56
7830, 2.5733, BPM: 56
7831, 2.4666, BPM: 56
7832, 2.3794, BPM: 56
7833, 2.3469, BPM: 56
7834, 2.375, BPM: 56
7835, 2.4436, BPM: 56
7836, 2.5056, BPM: 56
7837, 2.5084, BPM: 56
7838, 2.4406, BPM: 56
7839, 2.3414, BPM: 56
7840, 2.2672, BPM: 56
7841, 2.2595, BPM: 56
7842, 2.3277, BPM: 56
7843, 2.443, BPM: 56
7844, 2.5479, BPM: 56
7845, 2.5807, BPM: 56
7846, 2.5193, BPM: 56
7847, 2.4058, BPM: 56
7848, 2.3113, BPM: 56
7849, 2.2828, BPM: 56
7850, 2.3324, BPM: 56
7851, 2.439, BPM: 56
7852, 2.5434, BPM: 56
7853, 2.5817, BPM: 56
7854, 2.5389, BPM: 56
7855, 2.4542, BPM: 56
7856, 2.3851, BPM: 56
7857, 2.3721, BPM: 56
7858, 2.4206, BPM: 56
7859, 2.5036, BPM: 56
7860, 2.5722, BPM: 56
7861, 2.577, BPM: 56
7862, 2.5101, BPM: 56
7863, 2.4206, BPM: 56
7864, 2.3664, BPM: 56
7865, 2.3734, BPM: 56
7866, 2.4422, BPM: 56
7867, 2.5443, BPM: 56
7868, 2.618, BPM: 56
7869, 2.6118, BPM: 56
7870, 2.5298, BPM: 56
7871, 2.426, BPM: 56
7872, 2.3608, BPM: 56
7873, 2.362, BPM: 56
7874, 2.4204, BPM: 56
7875, 2.5014, BPM: 56
7876, 2.5467, BPM: 56
7877, 2.5096, BPM: 56
7878, 2.4063, BPM: 56
7879, 2.3028, BPM: 56
7880, 2.2522, BPM: 56
7881, 2.2673, BPM: 56
7882, 2.3321, BPM: 56
7883, 2.4024, BPM: 56
7884, 2.416, BPM: 56
7885, 2.3449, BPM: 56
7886, 2.2278, BPM: 56
7887, 2.1322, BPM: 56
7888, 2.1033, BPM: 56
7889, 2.151, BPM: 56
7890, 2.2485, BPM: 56
7891, 2.3365, BPM: 56
7892, 2.3556, BPM: 56
7893, 2.2956, BPM: 56
7894, 2.2049, BPM: 56
7895, 2.1449, BPM: 56
7896, 2.1434, BPM: 56
7897, 2.1941, BPM: 56
7898, 2.2627, BPM: 56
7899, 2.2893, BPM: 56
7900, 2.2329, BPM: 56
7901, 2.1208, BPM: 56
7902, 2.0246, BPM: 56
7903, 1.996, BPM: 56
7904, 2.0443, BPM: 56
7905, 2.1428, BPM: 56
7906, 2.2326, BPM: 56
7907, 2.251, BPM: 56
7908, 2.1873, BPM: 56
7909, 2.0973, BPM: 56
7910, 2.0494, BPM: 56
7911, 2.0751, BPM: 56
7912, 2.1616, BPM: 56
7913, 2.2626, BPM: 56
7914, 2.3149, BPM: 56
7915, 2.2802, BPM: 56
7916, 2.1889, BPM: 56
7917, 2.1159, BPM: 56
7918, 2.1082, BPM: 56
7919, 2.1624, BPM: 56
7920, 2.247, BPM: 56
7921, 2.3055, BPM: 56
7922, 2.2831, BPM: 56
7923, 2.1886, BPM: 56
7924, 2.0916, BPM: 56
7925, 2.0495, BPM: 56
7926, 2.0727, BPM: 56
7927, 2.1386, BPM: 56
7928, 2.1966, BPM: 56
7929, 2.1878, BPM: 56
7930, 2.1036, BPM: 56
7931, 2.0038, BPM: 56
7932, 1.9524, BPM: 56
7933, 1.9671, BPM: 56
7934, 2.0337, BPM: 56
7935, 2.1128, BPM: 56
7936, 2.1433, BPM: 56
